matrix_name rows cols nnz block_size scramble algo metis_obj metis_part VBR_nzcount VBR_nzblocks_count VBR_average_height VBR_longest_row
144 144649 144649 1074393 16 0 rabbit 182011185 711023 15.9997 154
2cubes_sphere 101492 101492 874378 16 0 rabbit 76097040 297285 15.999 114
3dtube 45330 45330 1629474 16 0 rabbit 28528356 111460 15.9986 231
598a 110971 110971 741934 16 0 rabbit 140991328 550778 15.9995 161
ASIC_320k 321821 321821 2635364 16 0 rabbit 183144489 715434 15.9997 18342
ASIC_320ks 321671 321671 1827807 16 0 rabbit 82228497 321225 15.9995 527
ASIC_680k 682862 682862 3871773 16 0 rabbit 196649348 768163 16 35671
ASIC_680ks 682712 682712 2329176 16 0 rabbit 109329216 427076 15.9998 239
CO 221119 221119 3943588 16 0 rabbit 198494017 775373 15.9999 137
Chebyshev4 68121 68121 5377761 16 0 rabbit 119663585 467465 15.9998 4258
Chevron3 381381 381381 3413113 16 0 rabbit 91985625 359328 15.9998 38
Chevron4 711450 711450 6376412 16 0 rabbit 156356580 610773 15.9999 36
CurlCurl_1 226451 226451 1349261 16 0 rabbit 63806857 249253 15.9997 60
CurlCurl_2 806529 806529 4864159 16 0 rabbit 213793377 835137 15.9999 51
Dubcova2 65025 65025 547625 16 0 rabbit 29000945 113300 15.9991 63
Dubcova3 146689 146689 1891669 16 0 rabbit 59386257 231987 15.9995 61
F2 71505 71505 2682895 16 0 rabbit 71948609 281084 15.9987 167
FEM_3D_thermal2 147900 147900 3489300 16 0 rabbit 60543888 236512 15.9996 91
G3_circuit 1585478 1585478 4623152 16 0 rabbit 268305604 1048074 16 26
G_n_pin_pout 100000 100000 501198 16 0 rabbit 117698304 459759 16 131
Ga10As10H30 113081 113081 3114357 16 0 rabbit 108313793 423136 15.9993 209
Ga19As19H42 133123 133123 4508981 16 0 rabbit 138993545 542990 15.9995 276
Ga3As3H12 61349 61349 3016148 16 0 rabbit 58090409 227063 15.9946 177
GaAsH6 61349 61349 1721579 16 0 rabbit 54818105 214196 15.9968 167
Ge87H76 112985 112985 4002590 16 0 rabbit 144300033 563695 15.9995 349
Ge99H100 112985 112985 4282190 16 0 rabbit 149602065 584410 15.9996 383
Goodwin_054 32510 32510 1030878 16 0 rabbit 15110884 59034 15.999 68
Goodwin_071 56021 56021 1797934 16 0 rabbit 26814617 104762 15.9986 70
Goodwin_095 100037 100037 3226066 16 0 rabbit 47245529 184573 15.9991 79
Goodwin_127 178437 178437 5778545 16 0 rabbit 81762201 319401 15.9996 85
H2O 67024 67024 1141880 16 0 rabbit 62664960 244785 16 132
