matrix_name rows cols nnz block_size scramble algo metis_obj metis_part VBR_nzcount VBR_nzblocks_count VBR_average_height VBR_longest_row
144 144649 144649 1074393 32 0 rabbit 490968049 479523 31.9986 194
2cubes_sphere 101492 101492 874378 32 0 rabbit 178551056 174404 31.9964 116
3dtube 45330 45330 1629474 32 0 rabbit 58987780 57637 31.991 131
598a 110971 110971 741934 32 0 rabbit 362407865 353935 31.9991 199
ASIC_320k 321821 321821 2635364 32 0 rabbit 522543433 510319 31.9993 9539
ASIC_320ks 321671 321671 1827807 32 0 rabbit 199346353 194697 31.9981 411
ASIC_680k 682862 682862 3871773 32 0 rabbit 532629060 520152 31.9998 18935
ASIC_680ks 682712 682712 2329176 32 0 rabbit 285393472 278709 31.9997 213
CO 221119 221119 3943588 32 0 rabbit 471298049 460255 31.9999 178
Chebyshev4 68121 68121 5377761 32 0 rabbit 244295473 238596 31.999 2129
Chevron3 381381 381381 3413113 32 0 rabbit 199010585 194354 31.9993 40
Chevron4 711450 711450 6376412 32 0 rabbit 329017764 321312 31.9997 34
CurlCurl_1 226451 226451 1349261 32 0 rabbit 161625865 157851 31.9988 71
CurlCurl_2 806529 806529 4864159 32 0 rabbit 534336641 521818 31.9998 56
Dubcova2 65025 65025 547625 32 0 rabbit 64140705 62651 31.997 73
Dubcova3 146689 146689 1891669 32 0 rabbit 131817665 128735 31.9988 64
F2 71505 71505 2682895 32 0 rabbit 158668545 154995 31.9951 150
FEM_3D_thermal2 147900 147900 3489300 32 0 rabbit 113226768 110578 31.9993 90
G3_circuit 1585478 1585478 4623152 32 0 rabbit 776734884 758536 31.9999 42
G_n_pin_pout 100000 100000 501198 32 0 rabbit 425282560 415315 32 204
Ga10As10H30 113081 113081 3114357 32 0 rabbit 250051089 244227 31.9976 182
Ga19As19H42 133123 133123 4508981 32 0 rabbit 332541609 324784 31.9983 236
Ga3As3H12 61349 61349 3016148 32 0 rabbit 130974745 128014 31.9852 157
GaAsH6 61349 61349 1721579 32 0 rabbit 127865465 124916 31.9929 157
Ge87H76 112985 112985 4002590 32 0 rabbit 326494353 318855 31.999 281
Ge99H100 112985 112985 4282190 32 0 rabbit 332517041 324742 31.9989 301
Goodwin_054 32510 32510 1030878 32 0 rabbit 27787844 27140 31.9979 52
Goodwin_071 56021 56021 1797934 32 0 rabbit 49841465 48689 31.9948 68
Goodwin_095 100037 100037 3226066 32 0 rabbit 88661849 86600 31.9969 71
Goodwin_127 178437 178437 5778545 32 0 rabbit 155164185 151542 31.9984 82
H2O 67024 67024 1141880 32 0 rabbit 149673216 146203 31.9964 147
Hamrle3 1447360 1447360 5514242 32 0 rabbit 2393367552 2337273 32 132
Lin 256000 256000 1011200 32 0 rabbit 120771584 117941 32 47
Linux_call_graph 324085 324085 1208908 32 0 rabbit 628193721 613471 32 359
NACA0015 1039183 1039183 3114818 32 0 rabbit 1845085921 1801868 31.9997 111
PR02R 161070 161070 8185136 32 0 rabbit 285515012 278891 31.9961 214
Raj1 263743 263743 1302464 32 0 rabbit 204877377 200076 32 2730
Si34H36 97569 97569 2626974 32 0 rabbit 226620929 221326 31.9987 217
SiO 33401 33401 675528 32 0 rabbit 69520817 67922 31.9919 123
Spielman_k100 338402 338402 681903 32 0 rabbit 45525124 44461 31.9986 10
Spielman_k200 2686802 2686802 5393803 32 0 rabbit 342149124 334132 31.9999 14
Stanford 281903 281903 2312497 32 0 rabbit 847930529 828059 32 3628
Stanford_Berkeley 683446 683446 7583376 32 0 rabbit 475697444 464571 31.9991 4426
TEM152078 152078 152078 3305702 32 0 rabbit 178205124 174054 31.9976 97
TEM181302 181302 181302 4010156 32 0 rabbit 209809700 204900 31.9994 101
TSC_OPF_1047 8140 8140 1012521 32 0 rabbit 7027088 6872 31.9825 66
TSOPF_FS_b162_c3 30798 30798 904612 32 0 rabbit 25058944 24475 31.9956 54
TSOPF_FS_b162_c4 40798 40798 1204322 32 0 rabbit 35200964 34379 31.9975 60
TSOPF_FS_b300 29214 29214 2203949 32 0 rabbit 26062848 25453 31.9987 71
TSOPF_FS_b300_c1 29214 29214 2203949 32 0 rabbit 26062848 25453 31.9987 71
TSOPF_FS_b300_c2 56814 56814 4391071 32 0 rabbit 53841600 52587 32 75
TSOPF_FS_b39_c19 76216 76216 998359 32 0 rabbit 42995264 41991 31.9981 50
TSOPF_FS_b39_c30 120216 120216 1575639 32 0 rabbit 66268480 64719 31.9989 47
TSOPF_RS_b2052_c1 25626 25626 6761100 32 0 rabbit 30154724 29462 31.9925 95
TSOPF_RS_b300_c1 14538 14538 1474325 32 0 rabbit 13080164 12802 31.9416 60
TSOPF_RS_b300_c2 28338 28338 2943887 32 0 rabbit 28369284 27730 31.9798 62
TSOPF_RS_b300_c3 42138 42138 4413449 32 0 rabbit 40485284 39542 31.9979 65
TSOPF_RS_b39_c30 60098 60098 1079986 32 0 rabbit 33111364 32341 31.9972 35
TSOPF_RS_b678_c1 18696 18696 4396289 32 0 rabbit 21687360 21195 31.9943 83
TSOPF_RS_b678_c2 35696 35696 8781949 32 0 rabbit 39819520 38924 31.9782 80
Zd_Jac2 22835 22835 1642833 32 0 rabbit 54764768 53610 31.9939 219
Zd_Jac3 22835 22835 1916152 32 0 rabbit 55547488 54272 31.9909 223
Zd_Jac6 22835 22835 1711983 32 0 rabbit 56394272 55090 31.9976 197
al2010 252266 252266 615241 32 0 rabbit 287792932 281070 31.9979 95
amazon-2008 735323 735323 5158388 32 0 rabbit 1342298873 1310852 31.9998 172
amazon0302 262111 262111 1234877 32 0 rabbit 614341249 599943 32 122
amazon0312 400727 400727 3200440 32 0 rabbit 1595366577 1558044 31.9993 224
amazon0505 410236 410236 3356824 32 0 rabbit 1669829904 1630694 32 213
amazon0601 403394 403394 3387388 32 0 rabbit 1689647552 1650053 31.9999 213
analytics 303813 303813 1129939 32 0 rabbit 107650233 105129 31.9997 1855
apache2 715176 715176 2766523 32 0 rabbit 298905920 291908 31.9997 30
appu 14000 14000 1853104 32 0 rabbit 195965184 191800 31.9643 438
atmosmodd 1270432 1270432 8814880 32 0 rabbit 991454208 968217 32 88
atmosmodj 1270432 1270432 8814880 32 0 rabbit 991454208 968217 32 88
auto 448695 448695 3314611 32 0 rabbit 2067085937 2018708 31.9994 285
av41092 41092 41092 1683902 32 0 rabbit 127638544 124648 31.9998 547
az2010 241666 241666 598047 32 0 rabbit 299763200 292745 31.9996 89
barrier2-1 113076 113076 3805068 32 0 rabbit 598195600 584314 31.9962 1233
barrier2-10 115625 115625 3897557 32 0 rabbit 660764945 645318 31.999 688
barrier2-11 115625 115625 3897557 32 0 rabbit 660764945 645318 31.999 688
barrier2-12 115625 115625 3897557 32 0 rabbit 660764945 645318 31.999 688
barrier2-2 113076 113076 3805068 32 0 rabbit 598195600 584314 31.9962 1233
barrier2-3 113076 113076 3805068 32 0 rabbit 598195600 584314 31.9962 1233
barrier2-4 113076 113076 3805068 32 0 rabbit 598195600 584314 31.9962 1233
barrier2-9 115625 115625 3897557 32 0 rabbit 660764945 645318 31.999 688
bbmat 38744 38744 1771722 32 0 rabbit 40684864 39749 31.993 67
bcsstk30 28924 28924 1036208 32 0 rabbit 18913680 18474 31.9963 63
bcsstk31 35588 35588 608502 32 0 rabbit 28968976 28305 31.9911 58
bcsstk32 44609 44609 1029655 32 0 rabbit 21966913 21455 31.9971 64
bcsstk35 30237 30237 740200 32 0 rabbit 12332521 12046 31.9975 65
bcsstk36 23052 23052 583096 32 0 rabbit 10388624 10161 31.9783 81
bcsstk37 25503 25503 583240 32 0 rabbit 11385281 11119 31.9991 50
bcsstk39 46772 46772 1068033 32 0 rabbit 18424336 18001 31.9927 28
belgium_osm 1441295 1441295 1549970 32 0 rabbit 432337889 422210 31.9998 33
bmw7st_1 141347 141347 3740507 32 0 rabbit 91939305 89790 31.9994 110
boneS01 127224 127224 3421188 32 0 rabbit 144552000 141174 31.9986 102
boyd1 93279 93279 652246 32 0 rabbit 16188193 15809 31.9999 2915
boyd2 466316 466316 890091 32 0 rabbit 68578576 66974 31.9988 586
c-73 169422 169422 724348 32 0 rabbit 83106308 81161 31.9998 49
c-73b 169422 169422 724348 32 0 rabbit 83106308 81161 31.9998 49
c-big 345241 345241 1343126 32 0 rabbit 299041041 292039 31.9995 4344
ca2010 710145 710145 1744683 32 0 rabbit 1038397568 1014064 31.9999 117
cage12 130228 130228 2032536 32 0 rabbit 541661840 529046 31.9976 288
cage13 445315 445315 7479343 32 0 rabbit 2378123145 2322405 31.9999 342
caidaRouterLevel 192244 192244 609066 32 0 rabbit 415800336 406056 31.9999 258
cant 62451 62451 2034917 32 0 rabbit 33191273 32414 31.9996 45
case39 40216 40216 526139 32 0 rabbit 23277632 22739 31.9926 44
cfd1 70656 70656 949510 32 0 rabbit 69149696 67529 32 106
cfd2 123440 123440 1605669 32 0 rabbit 89864960 87779 31.9962 65
citationCiteseer 268495 268495 1156647 32 0 rabbit 1041467648 1017088 31.9993 803
cnr-2000 325557 325557 3216152 32 0 rabbit 163817209 159979 31.9999 459
coAuthorsCiteseer 227320 227320 814134 32 0 rabbit 261256512 255141 31.9994 98
coAuthorsDBLP 299067 299067 977676 32 0 rabbit 449571193 439042 31.9996 188
com-Amazon 334863 334863 925872 32 0 rabbit 729563040 712491 31.9994 323
com-DBLP 317080 317080 1049866 32 0 rabbit 691654976 675459 31.9995 157
com-Youtube 1134890 1134890 2987624 32 0 rabbit 2102753600 2053471 32 3634
conf5_4-8x8-05 49152 49152 1916928 32 0 rabbit 40474624 39526 32 48
conf5_4-8x8-10 49152 49152 1916928 32 0 rabbit 40474624 39526 32 48
conf5_4-8x8-15 49152 49152 1916928 32 0 rabbit 40474624 39526 32 48
conf5_4-8x8-20 49152 49152 1916928 32 0 rabbit 40474624 39526 32 48
conf6_0-8x8-20 49152 49152 1916928 32 0 rabbit 40474624 39526 32 48
conf6_0-8x8-30 49152 49152 1916928 32 0 rabbit 40474624 39526 32 48
conf6_0-8x8-80 49152 49152 1916928 32 0 rabbit 40474624 39526 32 48
consph 83334 83334 3046907 32 0 rabbit 104473636 102026 31.9997 126
cop20k_A 121192 121192 1362087 32 0 rabbit 234555392 229058 32 158
crashbasis 160000 160000 1750416 32 0 rabbit 144226304 140846 32 68
crystk03 24696 24696 887937 32 0 rabbit 20500800 20039 31.9848 73
ct20stif 52329 52329 1375396 32 0 rabbit 34061649 33270 31.9972 62
d_pretok 182730 182730 885416 32 0 rabbit 103457700 101051 31.9974 51
darcy003 389874 389874 1167685 32 0 rabbit 357185284 348835 31.9992 62
dawson5 51537 51537 531157 32 0 rabbit 24646945 24070 31.9994 61
debr 1048576 1048576 2097149 32 0 rabbit 764343296 746429 32 64
delaunay_n18 262144 262144 786396 32 0 rabbit 125359104 122421 32 39
delaunay_n19 524288 524288 1572823 32 0 rabbit 246801408 241017 32 36
delaunay_n20 1048576 1048576 3145686 32 0 rabbit 487993344 476556 32 40
denormal 89400 89400 622812 32 0 rabbit 46622272 45538 31.9965 37
ecology1 1000000 1000000 2998000 32 0 rabbit 277298176 270799 32 21
ecology2 999999 999999 2997995 32 0 rabbit 276612545 270130 32 23
engine 143571 143571 2424822 32 0 rabbit 184887753 180588 31.9965 185
ex11 16614 16614 1096948 32 0 rabbit 22332836 21838 31.9786 105
exdata_1 6001 6001 1137751 32 0 rabbit 18388129 18046 31.8437 188
fe_rotor 99617 99617 662431 32 0 rabbit 178382080 174209 31.9989 125
fem_filter 74062 74062 1731206 32 0 rabbit 152340932 148805 31.9963 145
filter3D 106437 106437 1406808 32 0 rabbit 255361593 249429 31.9977 172
fl2010 484481 484481 1173147 32 0 rabbit 617365792 602905 31.9997 106
flickr 820878 820878 9837214 32 0 rabbit 5999956032 5859336 32 6567
ga2010 291086 291086 709028 32 0 rabbit 289571712 282813 31.9986 88
gas_sensor 66917 66917 885141 32 0 rabbit 77040409 75256 31.9946 85
gearbox 153746 153746 4617075 32 0 rabbit 118321156 115550 31.9995 140
gupta1 31802 31802 1098006 32 0 rabbit 126959012 124007 31.9944 197
gupta2 62064 62064 2155175 32 0 rabbit 294367488 287508 31.9958 257
gupta3 16783 16783 4670105 32 0 rabbit 30350817 29670 31.9971 514
gyro 17361 17361 519260 32 0 rabbit 13409441 13109 31.984 64
gyro_k 17361 17361 519260 32 0 rabbit 13409441 13109 31.984 64
heart1 3557 3557 1387773 32 0 rabbit 7012889 6890 31.902 95
helm2d03 392257 392257 1567096 32 0 rabbit 226111649 220818 31.9993 48
hood 220542 220542 5494489 32 0 rabbit 221736196 216542 31.9997 77
hvdc2 189860 189860 1347273 32 0 rabbit 106944272 104444 31.9989 56
iChem_Jacobian 274087 274087 4137369 32 0 rabbit 566230961 552989 31.9991 163
ia2010 216007 216007 510585 32 0 rabbit 195123185 190565 31.9997 77
ifiss_mat 96307 96307 3599932 32 0 rabbit 168100841 164225 31.9937 137
il2010 451554 451554 1082232 32 0 rabbit 538389952 525778 32 94
imagesensor 118758 118758 1893170 32 0 rabbit 308688676 301510 31.997 199
in2010 267071 267071 640858 32 0 rabbit 267971041 261692 31.9999 82
ins2 309412 309412 1530448 32 0 rabbit 214874000 209845 31.9997 9665
invextr1_new 30412 30412 1793881 32 0 rabbit 108974864 106566 31.9786 257
kron_g500-logn16 65536 65536 2456398 32 0 rabbit 1358175232 1326343 32 1740
ks2010 238600 238600 560899 32 0 rabbit 218274368 213170 31.9986 77
laminar_duct3D 67173 67173 3833077 32 0 rabbit 137490329 134360 31.9885 161
language 399130 399130 1216334 32 0 rabbit 517061476 504955 31.9995 7005
largebasis 440020 440020 5560100 32 0 rabbit 167191440 163281 31.9992 29
lhr71 70304 70304 1528092 32 0 rabbit 31778816 31034 32 39
lhr71c 70304 70304 1528092 32 0 rabbit 31778816 31034 32 39
li 22695 22695 1350309 32 0 rabbit 77900785 76090 31.9967 255
loc-Gowalla 196591 196591 950327 32 0 rabbit 570124577 556830 31.9987 366
lp1 534388 534388 1088904 32 0 rabbit 46773264 45678 31.9995 7
m14b 214765 214765 1679018 32 0 rabbit 721237536 704422 31.9982 220
m_t1 97578 97578 4925574 32 0 rabbit 99492132 97177 31.9971 100
mac_econ_fwd500 206500 206500 1273389 32 0 rabbit 195381120 190822 31.9985 62
majorbasis 160000 160000 1750416 32 0 rabbit 144226304 140846 32 68
marine1 400320 400320 6226538 32 0 rabbit 1055396864 1030661 32 224
mario002 389874 389874 1167685 32 0 rabbit 357185284 348835 31.9992 62
matrix_9 103430 103430 2121550 32 0 rabbit 110717348 108138 31.9976 506
mc2depi 525825 525825 2100225 32 0 rabbit 203309185 198549 31.9995 29
mi2010 329885 329885 789045 32 0 rabbit 353402377 345127 31.9997 82
mixtank_new 29957 29957 1995041 32 0 rabbit 168683673 164883 31.9851 326
mn2010 259777 259777 613551 32 0 rabbit 260550816 254449 31.9995 80
mo2010 343565 343565 828284 32 0 rabbit 366716233 358137 31.9996 92
mono_500Hz 169410 169410 5036288 32 0 rabbit 941608836 919599 31.999 408
mosfet2 46994 46994 1499460 32 0 rabbit 209247684 204443 31.9922 332
msc10848 10848 10848 620313 32 0 rabbit 12873728 12572 32 94
msc23052 23052 23052 588933 32 0 rabbit 22293776 21799 31.9679 97
mycielskian13 6143 6143 613871 32 0 rabbit 18632449 18203 31.9913 172
mycielskian14 12287 12287 1847756 32 0 rabbit 67349825 65783 31.9967 353
nasasrb 54870 54870 1366097 32 0 rabbit 37592868 36722 31.9954 57
nc2010 288987 288987 708310 32 0 rabbit 315963449 308571 31.9994 93
nd3k 9000 9000 1644345 32 0 rabbit 18932800 18535 31.9715 115
nd6k 18000 18000 3457658 32 0 rabbit 47092992 46044 31.9757 163
nemeth21 9506 9506 591626 32 0 rabbit 2725636 2674 31.9215 15
nemeth22 9506 9506 684169 32 0 rabbit 2894532 2838 31.926 18
nemeth23 9506 9506 758158 32 0 rabbit 3137348 3077 31.922 18
nemeth24 9506 9506 758028 32 0 rabbit 3138308 3077 31.9318 18
nemeth25 9506 9506 760632 32 0 rabbit 3130180 3070 31.9218 19
nemeth26 9506 9506 760633 32 0 rabbit 3126084 3066 31.9217 18
net100 29920 29920 1031560 32 0 rabbit 388988928 379872 32 627
net125 36720 36720 1306960 32 0 rabbit 528464128 516113 31.9988 662
net150 43520 43520 1582360 32 0 rabbit 756040704 738321 32 794
net4-1 88343 88343 1265035 32 0 rabbit 86963313 84954 31.9922 192
net75 23120 23120 756160 32 0 rabbit 50281728 49183 31.96 348
netherlands_osm 2216688 2216688 2441238 32 0 rabbit 731399424 714262 31.9999 33
ns3Da 20414 20414 1679599 32 0 rabbit 137492612 134301 31.9963 368
nv1 75468 75468 2449194 32 0 rabbit 356904080 348665 31.9942 332
nxp1 414604 414604 2656177 32 0 rabbit 983936912 960878 32 2946
ny2010 350169 350169 854772 32 0 rabbit 409819601 400233 31.9993 94
offshore 259789 259789 2251231 32 0 rabbit 629583497 614911 31.9979 192
oh2010 365344 365344 884120 32 0 rabbit 401977344 392556 32 86
ohne2 181343 181343 11063545 32 0 rabbit 832525569 813021 31.9998 585
oilpan 73752 73752 1835470 32 0 rabbit 34920000 34107 31.9972 58
ok2010 269118 269118 637074 32 0 rabbit 290739780 283928 31.9999 90
olafu 16146 16146 515651 32 0 rabbit 8613828 8431 31.9601 42
opt1 15449 15449 973052 32 0 rabbit 14041009 13725 31.9857 65
pa2010 421545 421545 1029231 32 0 rabbit 504669632 492863 31.9993 96
para-10 155924 155924 5416358 32 0 rabbit 803582352 784863 31.9977 681
para-4 153226 153226 5326228 32 0 rabbit 765083876 747281 31.9972 1425
para-5 155924 155924 5416358 32 0 rabbit 803582352 784863 31.9977 681
para-6 155924 155924 5416358 32 0 rabbit 803582352 784863 31.9977 681
para-7 155924 155924 5416358 32 0 rabbit 803582352 784863 31.9977 681
para-8 155924 155924 5416358 32 0 rabbit 803582352 784863 31.9977 681
para-9 155924 155924 5416358 32 0 rabbit 803582352 784863 31.9977 681
parabolic_fem 525825 525825 2100225 32 0 rabbit 483856577 472523 31.9996 73
pattern1 19242 19242 4671337 32 0 rabbit 33449700 32690 31.9906 431
pcrystk03 24696 24696 887937 32 0 rabbit 20500800 20039 31.9848 73
pct20stif 52329 52329 1375396 32 0 rabbit 34061649 33270 31.9972 62
pdb1HYS 36417 36417 2190591 32 0 rabbit 29532865 28863 31.9785 91
pkustk03 63336 63336 1596876 32 0 rabbit 41393984 40436 31.9929 76
pkustk04 55590 55590 2137125 32 0 rabbit 75009124 73261 31.9982 487
pkustk05 37164 37164 1121154 32 0 rabbit 34477456 33694 31.9947 127
pkustk06 43164 43164 1307466 32 0 rabbit 44225168 43205 31.9925 93
pkustk07 16860 16860 1217832 32 0 rabbit 33517200 32743 31.9957 184
pkustk08 22209 22209 1624440 32 0 rabbit 44907201 43877 31.9936 210
pkustk09 33960 33960 808800 32 0 rabbit 23022912 22497 31.9861 64
pkustk10 80676 80676 2194830 32 0 rabbit 59297296 57919 31.9947 120
pkustk11 87804 87804 2652858 32 0 rabbit 83115280 81174 31.9992 125
pkustk12 94653 94653 3803485 32 0 rabbit 135409033 132241 31.9996 829
pkustk13 94893 94893 3355860 32 0 rabbit 113981193 111329 31.9983 178
pli 22695 22695 686502 32 0 rabbit 46409969 45331 31.9967 188
poisson3Db 85623 85623 2374949 32 0 rabbit 520109905 507994 31.9977 393
power9 155376 155376 2512300 32 0 rabbit 378225920 369402 31.9982 183
pre2 659033 659033 5959282 32 0 rabbit 674860145 659089 31.9989 157
qa8fk 66127 66127 863353 32 0 rabbit 54541697 53287 31.9914 63
qa8fm 66127 66127 863353 32 0 rabbit 54541697 53287 31.9914 63
radiation 223104 223104 7637688 32 0 rabbit 2104924160 2055590 32 619
raefsky3 21200 21200 1488768 32 0 rabbit 17299712 16911 31.9839 53
raefsky4 19779 19779 674195 32 0 rabbit 14831465 14493 31.986 74
rajat21 411676 411676 1893370 32 0 rabbit 229804816 224419 32 7574
rajat24 358172 358172 1948235 32 0 rabbit 236199696 230664 32 6614
rajat29 643994 643994 4866270 32 0 rabbit 568161956 554846 32 17362
rajat30 643994 643994 6175377 32 0 rabbit 722359972 705430 32 17340
ramage02 16830 16830 1441591 32 0 rabbit 29403012 28720 31.9961 123
rgg_n_2_17_s0 131072 131072 728753 32 0 rabbit 122839040 119960 32 81
rgg_n_2_18_s0 262144 262144 1547283 32 0 rabbit 326126592 318483 32 106
rgg_n_2_19_s0 524288 524288 3269766 32 0 rabbit 900126720 879030 32 134
rim 22560 22560 1014951 32 0 rabbit 14568448 14227 32 46
rma10 46835 46835 2374001 32 0 rabbit 45114921 44072 31.9947 95
roadNet-CA 1971281 1971281 2766607 32 0 rabbit 801871137 783078 32 58
roadNet-PA 1090920 1090920 1541898 32 0 rabbit 469463040 458460 32 49
roadNet-TX 1393383 1393383 1921660 32 0 rabbit 571506737 558113 32 45
s3dkq4m2 90449 90449 2455670 32 0 rabbit 37014145 36160 31.9946 33
s3dkt3m2 90449 90449 1921955 32 0 rabbit 35709313 34882 31.9944 31
s4dkt3m2 90449 90449 1921955 32 0 rabbit 35709313 34882 31.9944 31
ship_001 34920 34920 2339575 32 0 rabbit 45515584 44497 31.9763 109
ship_003 121728 121728 4103881 32 0 rabbit 140857344 137556 32 106
shipsec1 140874 140874 3977139 32 0 rabbit 152288100 148750 31.9972 103
shipsec5 179860 179860 5146478 32 0 rabbit 182862480 178587 31.9989 101
shipsec8 114919 114919 3384159 32 0 rabbit 116552369 113831 31.9985 83
sme3Db 29067 29067 2081063 32 0 rabbit 172185913 168268 31.9888 347
sme3Dc 42930 42930 3148656 32 0 rabbit 273493060 267194 31.9933 424
smt 25710 25710 1889447 32 0 rabbit 40171780 39262 31.9853 152
sparsine 50000 50000 799494 32 0 rabbit 472891648 461981 31.9938 454
srb1 54924 54924 1508538 32 0 rabbit 25157136 24574 31.9959 38
std1_Jac2 21982 21982 1248731 32 0 rabbit 41851200 40874 31.9991 179
std1_Jac3 21982 21982 1455848 32 0 rabbit 46739072 45646 31.9994 197
stomach 213360 213360 3021648 32 0 rabbit 252936960 247031 31.9987 111
struct3 53570 53570 613632 32 0 rabbit 33877380 33090 31.9955 51
t2em 921632 921632 4590832 32 0 rabbit 407566336 398014 32 32
t3dh 79171 79171 2215638 32 0 rabbit 156992873 153366 31.9932 177
t3dh_a 79171 79171 2215638 32 0 rabbit 156992873 153366 31.9932 177
t3dh_e 79171 79171 2215638 32 0 rabbit 156992873 153366 31.9932 177
test1 392908 392908 12968200 32 0 rabbit 3160399760 3086485 31.9992 617
thermal2 1228045 1228045 4904179 32 0 rabbit 1267227817 1237528 32 111
thermomech_dK 204316 204316 2846228 32 0 rabbit 555421968 542423 31.9994 160
thermomech_dM 204316 204316 813716 32 0 rabbit 380624912 371718 31.9993 91
thread 29736 29736 2249892 32 0 rabbit 45661504 44629 31.9839 172
tmt_sym 726713 726713 2903837 32 0 rabbit 261178705 255061 31.9998 28
tmt_unsym 917825 917825 4584801 32 0 rabbit 407386305 397845 31.9997 30
tn2010 240116 240116 596983 32 0 rabbit 243911184 238215 31.9988 77
torso1 116158 116158 8516500 32 0 rabbit 68073988 66481 31.9994 158
torso2 115967 115967 1033473 32 0 rabbit 56371201 55051 31.9997 78
torso3 259156 259156 4429042 32 0 rabbit 368912528 360302 31.9984 175
trdheim 22098 22098 978711 32 0 rabbit 11026180 10775 31.987 37
tsyl201 20685 20685 1237821 32 0 rabbit 22853641 22342 31.9923 85
turon_m 189924 189924 912345 32 0 rabbit 105403792 102944 31.9986 53
twotone 120750 120750 1224224 32 0 rabbit 161778244 158038 31.9973 154
tx2010 914231 914231 2228136 32 0 rabbit 1176113873 1148570 31.9997 118
uni_chimera_i1 100000 100000 600296 32 0 rabbit 390267904 381121 32 244
va2010 285762 285762 701064 32 0 rabbit 300995008 293947 31.9997 92
vanbody 47072 47072 1191985 32 0 rabbit 39232512 38313 32 76
venkat01 62424 62424 1717792 32 0 rabbit 63764032 62287 31.9955 85
venkat25 62424 62424 1717792 32 0 rabbit 63764032 62287 31.9955 85
venkat50 62424 62424 1717792 32 0 rabbit 63764032 62287 31.9955 85
vfem 93476 93476 1434636 32 0 rabbit 156618256 152980 31.9965 113
viscorocks 37762 37762 1162244 32 0 rabbit 26440580 25835 31.9907 53
vsp_bcsstk30_500sep_10in_1Kout 58348 58348 2016578 32 0 rabbit 284508288 278052 31.989 293
vsp_finan512_scagr7-2c_rlfddd 139752 139752 552020 32 0 rabbit 217912128 212814 31.9998 189
vsp_msc10848_300sep_100in_1Kout 21996 21996 1221028 32 0 rabbit 94277136 92174 31.9824 251
water_tank 60740 60740 2035281 32 0 rabbit 115960592 113256 31.998 146
wave 156317 156317 1059331 32 0 rabbit 164330761 160483 31.9998 85
web-BerkStan 685230 685230 7600595 32 0 rabbit 469929028 458917 31.9999 378
web-Google 916428 916428 5105039 32 0 rabbit 3366321536 3287424 32 281
web-NotreDame 325729 325729 1497134 32 0 rabbit 149592096 146087 32 907
web-Stanford 281903 281903 2312497 32 0 rabbit 847930529 828059 32 350
webbase-1M 1000005 1000005 3105536 32 0 rabbit 361576473 353103 31.9999 1389
wi2010 253096 253096 604702 32 0 rabbit 254585920 248632 31.9994 85
wiki-Talk 2394385 2394385 5021410 32 0 rabbit 3719971649 3632786 32 29597
wiki-talk-temporal 1140149 1140149 3309592 32 0 rabbit 2296349113 2242529 32 29971
windscreen 22692 22692 752541 32 0 rabbit 21288208 20806 31.9865 64
x104 108384 108384 5138004 32 0 rabbit 107229184 104716 32 118
xenon1 48600 48600 1181120 32 0 rabbit 60544576 59131 31.9985 108
xenon2 157464 157464 3866688 32 0 rabbit 199945280 195269 31.9992 122
