matrix_name rows cols nnz block_size scramble algo metis_obj metis_part VBR_nzcount VBR_nzblocks_count VBR_average_height VBR_longest_row
144 144649 144649 1074393 64 0 rabbit 940968209 229794 63.9938 189
2cubes_sphere 101492 101492 874378 64 0 rabbit 374829456 91536 63.9908 127
3dtube 45330 45330 1629474 64 0 rabbit 117266628 28670 63.9551 108
598a 110971 110971 741934 64 0 rabbit 647553625 158105 63.998 176
ASIC_320k 321821 321821 2635364 64 0 rabbit 1366011209 333609 63.9894 4887
ASIC_320ks 321671 321671 1827807 64 0 rabbit 465479345 113663 63.994 286
ASIC_680k 682862 682862 3871773 64 0 rabbit 1405391940 343116 63.9997 9873
ASIC_680ks 682712 682712 2329176 64 0 rabbit 719906368 175768 63.9982 190
CO 221119 221119 3943588 64 0 rabbit 1057352577 258144 63.9998 188
Chebyshev4 68121 68121 5377761 64 0 rabbit 465725553 113757 63.9918 1065
Chevron3 381381 381381 3413113 64 0 rabbit 403065369 98413 63.997 43
Chevron4 711450 711450 6376412 64 0 rabbit 648012964 158219 63.9974 41
CurlCurl_1 226451 226451 1349261 64 0 rabbit 393477353 96083 63.9944 83
CurlCurl_2 806529 806529 4864159 64 0 rabbit 1297637633 316811 63.9992 66
Dubcova2 65025 65025 547625 64 0 rabbit 126268033 30838 63.9898 64
Dubcova3 146689 146689 1891669 64 0 rabbit 270729601 66103 63.9952 64
F2 71505 71505 2682895 64 0 rabbit 301140897 73576 63.9738 156
FEM_3D_thermal2 147900 147900 3489300 64 0 rabbit 210232336 51329 63.9983 67
G3_circuit 1585478 1585478 4623152 64 0 rabbit 2186529060 533827 63.9996 73
G_n_pin_pout 100000 100000 501198 64 0 rabbit 1452758016 354778 63.9894 309
Ga10As10H30 113081 113081 3114357 64 0 rabbit 545267377 133144 63.9944 190
Ga19As19H42 133123 133123 4508981 64 0 rabbit 751003081 183379 63.9943 201
Ga3As3H12 61349 61349 3016148 64 0 rabbit 278011929 67935 63.9702 155
GaAsH6 61349 61349 1721579 64 0 rabbit 277283737 67753 63.9793 158
Ge87H76 112985 112985 4002590 64 0 rabbit 715488369 174705 63.9931 249
Ge99H100 112985 112985 4282190 64 0 rabbit 687901041 167982 63.9919 247
Goodwin_054 32510 32510 1030878 64 0 rabbit 48876932 11934 63.9968 45
Goodwin_071 56021 56021 1797934 64 0 rabbit 89410105 21847 63.9724 52
Goodwin_095 100037 100037 3226066 64 0 rabbit 162152857 39602 63.9881 62
Goodwin_127 178437 178437 5778545 64 0 rabbit 297921689 72745 63.9951 64
H2O 67024 67024 1141880 64 0 rabbit 329522432 80495 63.9851 164
Hamrle3 1447360 1447360 5514242 64 0 rabbit 8022605824 1958644 64 216
Lin 256000 256000 1011200 64 0 rabbit 266280960 65010 64 69
Linux_call_graph 324085 324085 1208908 64 0 rabbit 1945045753 474865 64 363
NACA0015 1039183 1039183 3114818 64 0 rabbit 5286127329 1290590 63.9991 133
PR02R 161070 161070 8185136 64 0 rabbit 511335108 124884 63.9879 159
Raj1 263743 263743 1302464 64 0 rabbit 484920833 118389 64 1570
Si34H36 97569 97569 2626974 64 0 rabbit 484262337 118255 63.9916 196
SiO 33401 33401 675528 64 0 rabbit 144177969 35215 63.9841 133
Spielman_k100 338402 338402 681903 64 0 rabbit 102878724 25119 63.9964 11
Spielman_k200 2686802 2686802 5393803 64 0 rabbit 739655364 180583 63.9995 10
Stanford 281903 281903 2312497 64 0 rabbit 1817595937 443750 63.9999 2034
Stanford_Berkeley 683446 683446 7583376 64 0 rabbit 1015905636 248031 63.9991 2561
TEM152078 152078 152078 3305702 64 0 rabbit 382642116 93446 63.9909 99
TEM181302 181302 181302 4010156 64 0 rabbit 451199588 110163 63.998 97
TSC_OPF_1047 8140 8140 1012521 64 0 rabbit 11426704 2798 63.9257 40
TSOPF_FS_b162_c3 30798 30798 904612 64 0 rabbit 51183104 12499 63.984 48
TSOPF_FS_b162_c4 40798 40798 1204322 64 0 rabbit 72595204 17746 63.9291 55
TSOPF_FS_b300 29214 29214 2203949 64 0 rabbit 49427072 12073 63.969 54
TSOPF_FS_b300_c1 29214 29214 2203949 64 0 rabbit 49427072 12073 63.969 54
TSOPF_FS_b300_c2 56814 56814 4391071 64 0 rabbit 99200128 24223 64 61
TSOPF_FS_b39_c19 76216 76216 998359 64 0 rabbit 91791424 22412 63.9971 47
TSOPF_FS_b39_c30 120216 120216 1575639 64 0 rabbit 140395584 34284 63.9907 45
TSOPF_RS_b2052_c1 25626 25626 6761100 64 0 rabbit 49562020 12133 63.9154 60
TSOPF_RS_b300_c1 14538 14538 1474325 64 0 rabbit 22306916 5474 63.7435 41
TSOPF_RS_b300_c2 28338 28338 2943887 64 0 rabbit 51899972 12682 63.9614 55
TSOPF_RS_b300_c3 42138 42138 4413449 64 0 rabbit 75817252 18521 63.9815 54
TSOPF_RS_b39_c30 60098 60098 1079986 64 0 rabbit 65655300 16034 63.9884 36
TSOPF_RS_b678_c1 18696 18696 4396289 64 0 rabbit 34913344 8537 63.9738 69
TSOPF_RS_b678_c2 35696 35696 8781949 64 0 rabbit 61069568 14924 63.9571 54
Zd_Jac2 22835 22835 1642833 64 0 rabbit 91682089 22430 63.9786 138
Zd_Jac3 22835 22835 1916152 64 0 rabbit 91810048 22430 63.9757 151
Zd_Jac6 22835 22835 1711983 64 0 rabbit 93801920 22910 63.9909 145
al2010 252266 252266 615241 64 0 rabbit 504995428 123308 63.9921 77
amazon-2008 735323 735323 5158388 64 0 rabbit 4234152793 1033770 63.9985 267
amazon0302 262111 262111 1234877 64 0 rabbit 1433911873 350080 63.9996 171
amazon0312 400727 400727 3200440 64 0 rabbit 4213296017 1028767 63.9963 290
amazon0505 410236 410236 3356824 64 0 rabbit 4483271440 1094549 64 304
amazon0601 403394 403394 3387388 64 0 rabbit 4569530880 1115612 63.9999 309
analytics 303813 303813 1129939 64 0 rabbit 251089241 61303 63.999 1080
apache2 715176 715176 2766523 64 0 rabbit 619971648 151368 63.9983 37
appu 14000 14000 1853104 64 0 rabbit 196000000 47961 63.9269 219
atmosmodd 1270432 1270432 8814880 64 0 rabbit 2040411136 498179 63.9979 113
atmosmodj 1270432 1270432 8814880 64 0 rabbit 2040411136 498179 63.9979 113
auto 448695 448695 3314611 64 0 rabbit 4785382609 1168360 63.9985 328
av41092 41092 41092 1683902 64 0 rabbit 265465872 64812 63.9991 393
az2010 241666 241666 598047 64 0 rabbit 522466304 127563 63.9981 72
barrier2-1 113076 113076 3805068 64 0 rabbit 1186599056 289781 63.9907 699
barrier2-10 115625 115625 3897557 64 0 rabbit 1344411793 328275 63.9952 442
barrier2-11 115625 115625 3897557 64 0 rabbit 1344411793 328275 63.9952 442
barrier2-12 115625 115625 3897557 64 0 rabbit 1344411793 328275 63.9952 442
barrier2-2 113076 113076 3805068 64 0 rabbit 1186599056 289781 63.9907 699
barrier2-3 113076 113076 3805068 64 0 rabbit 1186599056 289781 63.9907 699
barrier2-4 113076 113076 3805068 64 0 rabbit 1186599056 289781 63.9907 699
barrier2-9 115625 115625 3897557 64 0 rabbit 1344411793 328275 63.9952 442
bbmat 38744 38744 1771722 64 0 rabbit 69160000 16915 63.9432 54
bcsstk30 28924 28924 1036208 64 0 rabbit 33864464 8269 63.9942 56
bcsstk31 35588 35588 608502 64 0 rabbit 57634064 14084 63.9659 55
bcsstk32 44609 44609 1029655 64 0 rabbit 41050241 10025 63.9874 51
bcsstk35 30237 30237 740200 64 0 rabbit 22538057 5512 63.9619 49
bcsstk36 23052 23052 583096 64 0 rabbit 19399568 4751 63.9124 56
bcsstk37 25503 25503 583240 64 0 rabbit 21682305 5301 63.9502 42
bcsstk39 46772 46772 1068033 64 0 rabbit 31297936 7645 63.9859 26
belgium_osm 1441295 1441295 1549970 64 0 rabbit 1172462369 286252 63.9991 42
bmw7st_1 141347 141347 3740507 64 0 rabbit 185105545 45202 63.991 77
boneS01 127224 127224 3421188 64 0 rabbit 297819712 72717 63.9964 98
boyd1 93279 93279 652246 64 0 rabbit 32123521 7846 63.9958 1458
boyd2 466316 466316 890091 64 0 rabbit 140982672 34423 63.994 295
c-73 169422 169422 724348 64 0 rabbit 190131012 46422 63.9989 56
c-73b 169422 169422 724348 64 0 rabbit 190131012 46422 63.9989 56
c-big 345241 345241 1343126 64 0 rabbit 845159217 206355 63.9962 2777
ca2010 710145 710145 1744683 64 0 rabbit 2243772672 547800 63.9997 109
cage12 130228 130228 2032536 64 0 rabbit 1176358544 287261 63.9929 288
cage13 445315 445315 7479343 64 0 rabbit 5726563721 1398105 63.9996 409
caidaRouterLevel 192244 192244 609066 64 0 rabbit 1116570768 272601 63.9999 284
cant 62451 62451 2034917 64 0 rabbit 51780137 12642 63.999 30
case39 40216 40216 526139 64 0 rabbit 49557568 12113 63.9406 39
cfd1 70656 70656 949510 64 0 rabbit 138657792 33852 64 110
cfd2 123440 123440 1605669 64 0 rabbit 183162112 44728 63.9925 62
citationCiteseer 268495 268495 1156647 64 0 rabbit 3201612416 781685 63.9976 674
cnr-2000 325557 325557 3216152 64 0 rabbit 370193081 90380 63.9998 262
coAuthorsCiteseer 227320 227320 814134 64 0 rabbit 707845184 172821 63.9985 112
coAuthorsDBLP 299067 299067 977676 64 0 rabbit 1360717913 332213 63.9993 206
com-Amazon 334863 334863 925872 64 0 rabbit 1819813824 444328 63.9975 221
com-DBLP 317080 317080 1049866 64 0 rabbit 1961248320 478850 63.9973 219
com-Youtube 1134890 1134890 2987624 64 0 rabbit 7378002020 1801273 63.9999 3244
conf5_4-8x8-05 49152 49152 1916928 64 0 rabbit 68558848 16738 64 41
conf5_4-8x8-10 49152 49152 1916928 64 0 rabbit 68558848 16738 64 41
conf5_4-8x8-15 49152 49152 1916928 64 0 rabbit 68558848 16738 64 41
conf5_4-8x8-20 49152 49152 1916928 64 0 rabbit 68558848 16738 64 41
conf6_0-8x8-20 49152 49152 1916928 64 0 rabbit 68558848 16738 64 41
conf6_0-8x8-30 49152 49152 1916928 64 0 rabbit 68558848 16738 64 41
conf6_0-8x8-80 49152 49152 1916928 64 0 rabbit 68558848 16738 64 41
consph 83334 83334 3046907 64 0 rabbit 213471268 52118 63.9989 113
cop20k_A 121192 121192 1362087 64 0 rabbit 480419840 117290 64 131
crashbasis 160000 160000 1750416 64 0 rabbit 312238080 76230 64 73
crystk03 24696 24696 887937 64 0 rabbit 35596864 8699 63.9697 57
ct20stif 52329 52329 1375396 64 0 rabbit 67337681 16448 63.9888 52
d_pretok 182730 182730 885416 64 0 rabbit 216856420 52963 63.9888 55
darcy003 389874 389874 1167685 64 0 rabbit 869136708 212204 63.9987 70
dawson5 51537 51537 531157 64 0 rabbit 45367585 11077 63.9958 51
debr 1048576 1048576 2097149 64 0 rabbit 2340765696 571476 64 97
delaunay_n18 262144 262144 786396 64 0 rabbit 278749184 68054 64 41
delaunay_n19 524288 524288 1572823 64 0 rabbit 564080640 137715 64 38
delaunay_n20 1048576 1048576 3145686 64 0 rabbit 1125507072 274782 64 45
denormal 89400 89400 622812 64 0 rabbit 95620160 23349 63.9925 37
ecology1 1000000 1000000 2998000 64 0 rabbit 598675456 146161 64 26
ecology2 999999 999999 2997995 64 0 rabbit 595307457 145339 64 22
engine 143571 143571 2424822 64 0 rabbit 396969961 96961 63.9833 141
ex11 16614 16614 1096948 64 0 rabbit 37254564 9122 63.9059 86
exdata_1 6001 6001 1137751 64 0 rabbit 18773281 4606 63.6939 94
fe_rotor 99617 99617 662431 64 0 rabbit 339080449 82832 63.9802 112
fem_filter 74062 74062 1731206 64 0 rabbit 318034372 77682 63.9846 136
filter3D 106437 106437 1406808 64 0 rabbit 440197401 107519 63.9901 163
fl2010 484481 484481 1173147 64 0 rabbit 1193120320 291298 63.9987 97
flickr 820878 820878 9837214 64 0 rabbit 19729537152 4816787 64 5420
ga2010 291086 291086 709028 64 0 rabbit 509979264 124534 63.9932 74
gas_sensor 66917 66917 885141 64 0 rabbit 155745177 38040 63.9865 84
gearbox 153746 153746 4617075 64 0 rabbit 204127940 49839 63.9963 100
gupta1 31802 31802 1098006 64 0 rabbit 225107620 54970 63.9874 170
gupta2 62064 62064 2155175 64 0 rabbit 552429824 134890 63.9916 227
gupta3 16783 16783 4670105 64 0 rabbit 40281121 9862 63.9801 263
gyro 17361 17361 519260 64 0 rabbit 20596001 5041 63.9254 43
gyro_k 17361 17361 519260 64 0 rabbit 20596001 5041 63.9254 43
heart1 3557 3557 1387773 64 0 rabbit 9044057 2234 63.6253 52
helm2d03 392257 392257 1567096 64 0 rabbit 504414529 123154 63.9974 49
hood 220542 220542 5494489 64 0 rabbit 498764292 121771 63.9993 73
hvdc2 189860 189860 1347273 64 0 rabbit 206661392 50470 63.99 50
iChem_Jacobian 274087 274087 4137369 64 0 rabbit 1303765617 318327 63.9975 186
ia2010 216007 216007 510585 64 0 rabbit 356650033 87088 63.9987 65
ifiss_mat 96307 96307 3599932 64 0 rabbit 305080745 74511 63.9878 119
il2010 451554 451554 1082232 64 0 rabbit 1069336964 261089 63.9984 88
imagesensor 118758 118758 1893170 64 0 rabbit 658651044 160848 63.9911 203
in2010 267071 267071 640858 64 0 rabbit 482672833 117841 63.9997 76
ins2 309412 309412 1530448 64 0 rabbit 501678864 122487 63.9995 4834
invextr1_new 30412 30412 1793881 64 0 rabbit 188917392 46255 63.9101 211
kron_g500-logn16 65536 65536 2456398 64 0 rabbit 2635808768 643508 64 881
ks2010 238600 238600 560899 64 0 rabbit 392407104 95814 63.9942 69
laminar_duct3D 67173 67173 3833077 64 0 rabbit 272259481 66523 63.9736 143
language 399130 399130 1216334 64 0 rabbit 1660350116 405393 63.9967 4903
largebasis 440020 440020 5560100 64 0 rabbit 308309392 75280 63.9959 25
lhr71 70304 70304 1528092 64 0 rabbit 58300416 14244 63.973 41
lhr71c 70304 70304 1528092 64 0 rabbit 58300416 14244 63.973 41
li 22695 22695 1350309 64 0 rabbit 131456497 32107 63.9868 193
loc-Gowalla 196591 196591 950327 64 0 rabbit 1717390881 419322 63.9974 383
lp1 534388 534388 1088904 64 0 rabbit 95450256 23304 63.999 7
m14b 214765 214765 1679018 64 0 rabbit 1520674409 371326 63.9951 208
m_t1 97578 97578 4925574 64 0 rabbit 186450148 45533 63.9928 95
mac_econ_fwd500 206500 206500 1273389 64 0 rabbit 370643984 90507 63.9938 52
majorbasis 160000 160000 1750416 64 0 rabbit 312238080 76230 64 73
marine1 400320 400320 6226538 64 0 rabbit 2490175488 607953 64 273
mario002 389874 389874 1167685 64 0 rabbit 869136708 212204 63.9987 70
matrix_9 103430 103430 2121550 64 0 rabbit 236705060 57803 63.992 359
mc2depi 525825 525825 2100225 64 0 rabbit 438186241 106984 63.9982 32
mi2010 329885 329885 789045 64 0 rabbit 687166665 167800 63.9942 78
mixtank_new 29957 29957 1995041 64 0 rabbit 296154009 72413 63.9511 251
mn2010 259777 259777 613551 64 0 rabbit 488120640 119175 63.9979 70
mo2010 343565 343565 828284 64 0 rabbit 688746089 168167 63.9979 78
mono_500Hz 169410 169410 5036288 64 0 rabbit 1786258948 436142 63.9967 350
mosfet2 46994 46994 1499460 64 0 rabbit 366630468 89621 63.96 252
msc10848 10848 10848 620313 64 0 rabbit 20579328 5037 63.9111 65
msc23052 23052 23052 588933 64 0 rabbit 39284880 9618 63.8648 62
mycielskian13 6143 6143 613871 64 0 rabbit 26701313 6521 63.9867 92
mycielskian14 12287 12287 1847756 64 0 rabbit 99856897 24384 63.9944 186
nasasrb 54870 54870 1366097 64 0 rabbit 67417572 16476 63.9643 49
nc2010 288987 288987 708310 64 0 rabbit 569320345 139028 63.9925 75
nd3k 9000 9000 1644345 64 0 rabbit 30004288 7354 63.9054 81
nd6k 18000 18000 3457658 64 0 rabbit 82907392 20296 63.8912 123
nemeth21 9506 9506 591626 64 0 rabbit 4149508 1018 63.8527 11
nemeth22 9506 9506 684169 64 0 rabbit 4348292 1067 63.8313 12
nemeth23 9506 9506 758158 64 0 rabbit 4577668 1123 63.8397 12
nemeth24 9506 9506 758028 64 0 rabbit 4571652 1122 63.8396 14
nemeth25 9506 9506 760632 64 0 rabbit 4573572 1122 63.8396 15
nemeth26 9506 9506 760633 64 0 rabbit 4561284 1119 63.8391 13
net100 29920 29920 1031560 64 0 rabbit 710177792 173409 63.9945 425
net125 36720 36720 1306960 64 0 rabbit 1020442880 249145 63.9983 504
net150 43520 43520 1582360 64 0 rabbit 1530904576 373756 64 620
net4-1 88343 88343 1265035 64 0 rabbit 128559889 31426 63.9452 147
net75 23120 23120 756160 64 0 rabbit 79865088 19599 63.7526 201
netherlands_osm 2216688 2216688 2441238 64 0 rabbit 1839875328 449194 63.9998 37
ns3Da 20414 20414 1679599 64 0 rabbit 193873412 47344 63.9921 284
nv1 75468 75468 2449194 64 0 rabbit 631155856 154212 63.9747 268
nxp1 414604 414604 2656177 64 0 rabbit 2232264336 544989 63.9998 1555
ny2010 350169 350169 854772 64 0 rabbit 785425713 191796 63.9939 85
offshore 259789 259789 2251231 64 0 rabbit 1335106729 326044 63.9917 204
oh2010 365344 365344 884120 64 0 rabbit 781566976 190830 63.998 80
ohne2 181343 181343 11063545 64 0 rabbit 1630063553 398048 63.9933 399
oilpan 73752 73752 1835470 64 0 rabbit 68186688 16658 63.976 37
ok2010 269118 269118 637074 64 0 rabbit 516521732 126105 63.9998 89
olafu 16146 16146 515651 64 0 rabbit 14843716 3645 63.7981 34
opt1 15449 15449 973052 64 0 rabbit 24124721 5912 63.8879 56
pa2010 421545 421545 1029231 64 0 rabbit 1009451729 246475 63.9968 91
para-10 155924 155924 5416358 64 0 rabbit 1633818512 399035 63.9877 435
para-4 153226 153226 5326228 64 0 rabbit 1514583140 369887 63.9899 824
para-5 155924 155924 5416358 64 0 rabbit 1633818512 399035 63.9877 435
para-6 155924 155924 5416358 64 0 rabbit 1633818512 399035 63.9877 435
para-7 155924 155924 5416358 64 0 rabbit 1633818512 399035 63.9877 435
para-8 155924 155924 5416358 64 0 rabbit 1633818512 399035 63.9877 435
para-9 155924 155924 5416358 64 0 rabbit 1633818512 399035 63.9877 435
parabolic_fem 525825 525825 2100225 64 0 rabbit 1214755201 296578 63.9987 84
pattern1 19242 19242 4671337 64 0 rabbit 61564132 15057 63.9532 248
pcrystk03 24696 24696 887937 64 0 rabbit 35596864 8699 63.9697 57
pct20stif 52329 52329 1375396 64 0 rabbit 67337681 16448 63.9888 52
pdb1HYS 36417 36417 2190591 64 0 rabbit 54313985 13277 63.9288 71
pkustk03 63336 63336 1596876 64 0 rabbit 70203456 17148 63.9734 64
pkustk04 55590 55590 2137125 64 0 rabbit 146550948 35800 63.9862 305
pkustk05 37164 37164 1121154 64 0 rabbit 61405584 15004 63.988 113
pkustk06 43164 43164 1307466 64 0 rabbit 79888400 19556 63.8988 89
pkustk07 16860 16860 1217832 64 0 rabbit 55580176 13600 63.9444 136
pkustk08 22209 22209 1624440 64 0 rabbit 72823681 17794 63.9788 144
pkustk09 33960 33960 808800 64 0 rabbit 40381504 9868 63.9732 44
pkustk10 80676 80676 2194830 64 0 rabbit 106540560 26019 63.9871 107
pkustk11 87804 87804 2652858 64 0 rabbit 154074384 37619 63.9985 129
pkustk12 94653 94653 3803485 64 0 rabbit 269589513 65820 63.9993 519
pkustk13 94893 94893 3355860 64 0 rabbit 195929513 47850 63.9905 126
pli 22695 22695 686502 64 0 rabbit 83711345 20445 63.9878 145
poisson3Db 85623 85623 2374949 64 0 rabbit 932158289 227612 63.9952 378
power9 155376 155376 2512300 64 0 rabbit 793821440 193828 63.996 175
pre2 659033 659033 5959282 64 0 rabbit 1432705073 349850 63.9939 104
qa8fk 66127 66127 863353 64 0 rabbit 110792801 27076 63.962 62
qa8fm 66127 66127 863353 64 0 rabbit 110792801 27076 63.962 62
radiation 223104 223104 7637688 64 0 rabbit 3618062336 883316 64 548
raefsky3 21200 21200 1488768 64 0 rabbit 30984448 7582 63.924 48
raefsky4 19779 19779 674195 64 0 rabbit 26854537 6563 63.9535 62
rajat21 411676 411676 1893370 64 0 rabbit 548864784 134001 63.9997 3912
rajat24 358172 358172 1948235 64 0 rabbit 553980688 135250 63.9997 3377
rajat29 643994 643994 4866270 64 0 rabbit 1396470436 340936 63.9999 8715
rajat30 643994 643994 6175377 64 0 rabbit 1711088292 417747 63.9999 8700
ramage02 16830 16830 1441591 64 0 rabbit 49707780 12138 63.9931 103
rgg_n_2_17_s0 131072 131072 728753 64 0 rabbit 197734400 48275 64 59
rgg_n_2_18_s0 262144 262144 1547283 64 0 rabbit 524619776 128081 64 83
rgg_n_2_19_s0 524288 524288 3269766 64 0 rabbit 1530298368 373608 64 131
rim 22560 22560 1014951 64 0 rabbit 21462016 5260 63.8844 35
rma10 46835 46835 2374001 64 0 rabbit 76989737 18804 63.9869 84
roadNet-CA 1971281 1971281 2766607 64 0 rabbit 2009637153 490635 63.9999 62
roadNet-PA 1090920 1090920 1541898 64 0 rabbit 1146110528 279815 63.9997 55
roadNet-TX 1393383 1393383 1921660 64 0 rabbit 1386842673 338588 63.9996 57
s3dkq4m2 90449 90449 2455670 64 0 rabbit 69982817 17102 63.9725 28
s3dkt3m2 90449 90449 1921955 64 0 rabbit 69767393 17045 63.9697 28
s4dkt3m2 90449 90449 1921955 64 0 rabbit 69767393 17045 63.9697 28
ship_001 34920 34920 2339575 64 0 rabbit 82649152 20206 63.9489 86
ship_003 121728 121728 4103881 64 0 rabbit 281317376 68681 64 102
shipsec1 140874 140874 3977139 64 0 rabbit 299888100 73242 63.9897 95
shipsec5 179860 179860 5146478 64 0 rabbit 347569040 84869 63.9948 90
shipsec8 114919 114919 3384159 64 0 rabbit 229493873 56038 63.9946 74
sme3Db 29067 29067 2081063 64 0 rabbit 258426361 63201 63.9447 315
sme3Dc 42930 42930 3148656 64 0 rabbit 422628548 103235 63.9832 303
smt 25710 25710 1889447 64 0 rabbit 66617412 16278 63.969 109
sparsine 50000 50000 799494 64 0 rabbit 1056547072 258148 63.974 481
srb1 54924 54924 1508538 64 0 rabbit 47738768 11660 63.9866 35
std1_Jac2 21982 21982 1248731 64 0 rabbit 74131968 18122 63.9719 152
std1_Jac3 21982 21982 1455848 64 0 rabbit 84861440 20733 63.982 136
stomach 213360 213360 3021648 64 0 rabbit 520323328 127045 63.9971 104
struct3 53570 53570 613632 64 0 rabbit 63410820 15487 63.984 45
t2em 921632 921632 4590832 64 0 rabbit 836645888 204267 63.9987 32
t3dh 79171 79171 2215638 64 0 rabbit 286081865 69890 63.9738 142
t3dh_a 79171 79171 2215638 64 0 rabbit 286081865 69890 63.9738 142
t3dh_e 79171 79171 2215638 64 0 rabbit 286081865 69890 63.9738 142
test1 392908 392908 12968200 64 0 rabbit 5491141776 1340758 63.9965 669
thermal2 1228045 1228045 4904179 64 0 rabbit 3451519145 842657 63.9999 125
thermomech_dK 204316 204316 2846228 64 0 rabbit 854343440 208637 63.9912 129
thermomech_dM 204316 204316 813716 64 0 rabbit 650701328 158909 63.9905 97
thread 29736 29736 2249892 64 0 rabbit 79328832 19383 63.969 130
tmt_sym 726713 726713 2903837 64 0 rabbit 617988785 150879 63.9994 33
tmt_unsym 917825 917825 4584801 64 0 rabbit 837636481 204508 63.9988 32
tn2010 240116 240116 596983 64 0 rabbit 426638736 104172 63.9968 70
torso1 116158 116158 8516500 64 0 rabbit 128307204 31326 63.999 99
torso2 115967 115967 1033473 64 0 rabbit 115558913 28213 63.9996 90
torso3 259156 259156 4429042 64 0 rabbit 789377424 192775 63.9906 164
trdheim 22098 22098 978711 64 0 rabbit 17831748 4363 63.9157 31
tsyl201 20685 20685 1237821 64 0 rabbit 38098217 9323 63.9617 67
turon_m 189924 189924 912345 64 0 rabbit 230634512 56318 63.994 67
twotone 120750 120750 1224224 64 0 rabbit 362254788 88461 63.9963 147
tx2010 914231 914231 2228136 64 0 rabbit 2498770577 610067 63.9991 116
uni_chimera_i1 100000 100000 600296 64 0 rabbit 960672768 234634 63.984 278
va2010 285762 285762 701064 64 0 rabbit 530543488 129534 63.9986 78
vanbody 47072 47072 1191985 64 0 rabbit 72504320 17717 63.9693 80
venkat01 62424 62424 1717792 64 0 rabbit 100641344 24594 63.9691 68
venkat25 62424 62424 1717792 64 0 rabbit 100641344 24594 63.9691 68
venkat50 62424 62424 1717792 64 0 rabbit 100641344 24594 63.9691 68
vfem 93476 93476 1434636 64 0 rabbit 332518160 81223 63.9835 110
viscorocks 37762 37762 1162244 64 0 rabbit 44221956 10809 63.9598 39
vsp_bcsstk30_500sep_10in_1Kout 58348 58348 2016578 64 0 rabbit 454793616 111116 63.9784 230
vsp_finan512_scagr7-2c_rlfddd 139752 139752 552020 64 0 rabbit 592072256 144560 63.9982 288
vsp_msc10848_300sep_100in_1Kout 21996 21996 1221028 64 0 rabbit 142615952 34887 63.9381 185
water_tank 60740 60740 2035281 64 0 rabbit 215025680 52505 63.9943 155
wave 156317 156317 1059331 64 0 rabbit 376880329 92029 63.9962 102
web-BerkStan 685230 685230 7600595 64 0 rabbit 1005829316 245573 63.9995 380
web-Google 916428 916428 5105039 64 0 rabbit 6959969024 1699212 64 247
web-NotreDame 325729 325729 1497134 64 0 rabbit 397412416 97025 64 699
web-Stanford 281903 281903 2312497 64 0 rabbit 1817595937 443750 63.9999 364
webbase-1M 1000005 1000005 3105536 64 0 rabbit 940867609 229705 63.9997 1039
wi2010 253096 253096 604702 64 0 rabbit 469397056 114622 63.9939 78
wiki-Talk 2394385 2394385 5021410 64 0 rabbit 13253916001 3235821 64 21469
wiki-talk-temporal 1140149 1140149 3309592 64 0 rabbit 8039983865 1962887 64 16574
windscreen 22692 22692 752541 64 0 rabbit 40515600 9904 63.9689 59
x104 108384 108384 5138004 64 0 rabbit 200961024 49077 63.9928 107
xenon1 48600 48600 1181120 64 0 rabbit 112687680 27520 63.9898 88
xenon2 157464 157464 3866688 64 0 rabbit 386776640 94445 63.9941 104
